jose: 23.0
pedro: 20.0
suzana: 16.166666666666668
gisela: 23.666666666666668
joao: 35.2
jose: 23.0
pedro: 20.0
suzana: 16.166666666666668
gisela: 23.666666666666668
joao: 35.2
jose: 23.0
pedro: 20.0
suzana: 16.166666666666668
gisela: 23.666666666666668
joao: 35.2
jose: 23.0
pedro: 20.0
suzana: 16.166666666666668
gisela: 23.666666666666668
joao: 35.2
